var decisionTree={"gini":[0.9166666666666666,0.9108555909425439,0.9086795360842674,0.9018486829008201,0.9033021248656009,0.8640617861229736,0.7862467273508391,0.6989481896386336,0.8713662943287395,0.8886810191613154,0.8501012495604177,0.8951426321518913,0.910626188219298,0.9007484237458886,0.892699060901422,0.8827619579215132,0.9000656885614496,0.8786213594006985,0.8927912311326578,0.8718053344602212,0.8915513535790314,0.8936843019334929,0.8414395067412054,0.9060682629642626,0.8584369581459781,0.8189156337262302,0.8627248570723365,0.8009749565526654,0.6622469131551149,0.5723925591819792,0.7620138005503827,0.8544788223591611,0.8480444114732248,0.8397089593016012,0.8965685332417583,0.8653659762468002,0.8403895941397552,0.8756749852322048,0.8864166397236714,0.8454974648533873,0.7419816808393395,0.8282746609693457,0.6526720699916309,0.8701741218664392,0.8698959758750598,0.8827145377682031,0.815749125302672,0.8313835898863606,0.7922998193650987,0.857152210618919,0.8958094755984946,0.9030528695438612,0.902417264543363,0.8738143888874771,0.9062535555997121,0.8768538952562961,0.8122194644890468,0.892903342515788,0.8533850416184424,0.8881805118061753,0.8961953429991084,0.8651781468476638,0.7622695428699133,0.698586317587335,0.8264300832368788,0.8931141535453051,0.8782183806335998,0.8922888505542822,0.8932639414664825,0.8644200832442805,0.8335094913014675,0.8835142362046446,0.8912019723028055,0.8878174393854877,0.8656741859804915,0.8657960230963119,0.807331530971748,0.8395868572080776,0.7582830013601276,0.8815159580634396,0.8930523945801335,0.8305789692932746,0.8263151786181041,0.7436521803381904,0.6683578314773353,0.5817665735696421,0.7730239939597973,0.8039348236515322,0.7604330879373495,0.7956642576071202,0.8494852681530021,0.7744103662255597,0.8285589596210955,0.7081058301172818,0.8679173717519978,0.8458608325743753,0.8608005143743338,0.8873909774113201,0.8948538341470464,0.8924654978066929,0.8752497496955806,0.8873335371199853,0.8243824129071677,0.8884828163779197,0.8614829054103029,0.8837658651903778,0.8714728290747493,0.8814936572118477,0.8864850465313494,0.8382327447247806,0.8108103021994837,0.8564539233219721,0.6928345089748396,0.8363587161935139,0.8516002457278344,0.8149029219774981,0.7373599279810166,0.8440662512910934,0.8747006421536725,0.870655992884596,0.853891557532607,0.7774755113014288,0.8251577222053024,0.8048643390761321,0.815608134514005,0.7155217064571613,0.7884438872160007,0.6384826384518991,0.9048382817647977,0.8911888000315084,0.8997150485276589,0.8862537481224708,0.873039013751977,0.8875064945065078,0.8628535189680457,0.8859447761361912,0.8381850244167198,0.7621045604946342,0.8660042638143935,0.8769656104888178,0.8643803388694682,0.820998388901832,0.8766188244081807,0.8676420431939278,0.8733853882374438,0.8296642807984236,0.8936037549142697,0.902174205711137,0.9020046150204492,0.8996983956262301,0.8785748525508787,0.8754546880682593,0.8526360290964533,0.8729035733024747,0.8515468663667658,0.8300693524427074,0.7377331145434378,0.8651522461381749,0.8463492390428442,0.8624105904581816,0.7714245337594862,0.849288981251291,0.8829354128809908,0.8638777558974574,0.8644512856004073,0.8548161749705524,0.8470690722335061,0.8437297149256446,0.8657628187102071,0.809701751452762,0.8843502549210319,0.8774339351690176,0.8858903326522569,0.8505119903584496,0.8681021452723037,0.8503557989233241,0.859948873593056,0.8064097309217877,0.8557725688736975,0.8702003739438174,0.8462896344439883,0.87931279515961,0.8251912385752939,0.8556247496000877,0.7829980260940992,0.7547317776676326,0.8294467759654482,0.8664087591918431,0.7815233228746044,0.6846047401174533,0.6153430326622498,0.7620607537446079,0.8976865641216816,0.8909966841459216,0.8608292331903384,0.8897565551491341,0.8707853620059292,0.8731365529078718,0.8282461565058582,0.8852768077105275,0.8956651970236312,0.8356606328869812,0.7685820021183863,0.8425753784397424,0.8081441843892123,0.8491037770954584,0.6824593641508723,0.8001103430598365,0.5579848021596774,0.8891492030034833,0.8701121868656748,0.8414128587718878,0.7990750678853253,0.8693362478403847,0.8767327822376392,0.8442543184104433,0.8737204895513265,0.8848169706701017,0.8780553829502898,0.8703014146656487,0.8428505953730496,0.8643856576347793,0.7832371339065093,0.8896015146052444,0.8787631910500983,0.8891061018042712,0.8838116164137715,0.8685801645280065,0.8375089971998083,0.8794586523876164,0.8710509944263372,0.8858856192456177,0.8365795136274667,0.86301335378519,0.839824100821758,0.8120541075325447,0.8392853091516617,0.8577683408591008,0.8743434739386841,0.7973497713369252,0.8302543625546921,0.7731160989818594,0.7036145815803474,0.7961616379552388,0.6178392364562645,0.8424510102080512,0.8535314175457132,0.8118521707879365,0.8817440144052234,0.8585186577544337,0.8416583409546661,0.8480083616357404,0.883397481597616,0.8840527382151677,0.8363418052426329],"children_right":[128,65,34,19,12,9,8,-1,-1,11,-1,-1,16,15,-1,-1,18,-1,-1,27,24,23,-1,-1,26,-1,-1,31,30,-1,-1,33,-1,-1,50,43,40,39,-1,-1,42,-1,-1,47,46,-1,-1,49,-1,-1,58,55,54,-1,-1,57,-1,-1,62,61,-1,-1,64,-1,-1,97,82,75,72,71,-1,-1,74,-1,-1,79,78,-1,-1,81,-1,-1,90,87,86,-1,-1,89,-1,-1,94,93,-1,-1,96,-1,-1,113,106,103,102,-1,-1,105,-1,-1,110,109,-1,-1,112,-1,-1,121,118,117,-1,-1,120,-1,-1,125,124,-1,-1,127,-1,-1,192,161,146,139,136,135,-1,-1,138,-1,-1,143,142,-1,-1,145,-1,-1,154,151,150,-1,-1,153,-1,-1,158,157,-1,-1,160,-1,-1,177,170,167,166,-1,-1,169,-1,-1,174,173,-1,-1,176,-1,-1,185,182,181,-1,-1,184,-1,-1,189,188,-1,-1,191,-1,-1,224,209,202,199,198,-1,-1,201,-1,-1,206,205,-1,-1,208,-1,-1,217,214,213,-1,-1,216,-1,-1,221,220,-1,-1,223,-1,-1,240,233,230,229,-1,-1,232,-1,-1,237,236,-1,-1,239,-1,-1,248,245,244,-1,-1,247,-1,-1,252,251,-1,-1,254,-1,-1],"n_nodes":255,"feature":[31,29,6,28,14,13,16,-2,-2,16,-2,-2,33,30,-2,-2,12,-2,-2,30,11,8,-2,-2,20,-2,-2,8,36,-2,-2,20,-2,-2,2,12,32,20,-2,-2,9,-2,-2,11,34,-2,-2,26,-2,-2,34,30,20,-2,-2,8,-2,-2,26,15,-2,-2,10,-2,-2,12,33,15,0,28,-2,-2,28,-2,-2,1,20,-2,-2,27,-2,-2,0,15,35,-2,-2,1,-2,-2,1,15,-2,-2,15,-2,-2,11,34,33,27,-2,-2,0,-2,-2,6,7,-2,-2,26,-2,-2,7,33,2,-2,-2,10,-2,-2,34,5,-2,-2,10,-2,-2,20,28,29,14,9,36,-2,-2,13,-2,-2,33,36,-2,-2,11,-2,-2,27,33,11,-2,-2,12,-2,-2,34,36,-2,-2,11,-2,-2,11,30,36,27,-2,-2,33,-2,-2,9,33,-2,-2,6,-2,-2,33,36,30,-2,-2,19,-2,-2,35,5,-2,-2,29,-2,-2,12,2,6,29,9,-2,-2,33,-2,-2,9,29,-2,-2,32,-2,-2,29,30,33,-2,-2,9,-2,-2,15,33,-2,-2,1,-2,-2,30,11,33,15,-2,-2,15,-2,-2,5,33,-2,-2,7,-2,-2,5,9,33,-2,-2,14,-2,-2,9,11,-2,-2,6,-2,-2],"children_left":[1,2,3,4,5,6,7,-1,-1,10,-1,-1,13,14,-1,-1,17,-1,-1,20,21,22,-1,-1,25,-1,-1,28,29,-1,-1,32,-1,-1,35,36,37,38,-1,-1,41,-1,-1,44,45,-1,-1,48,-1,-1,51,52,53,-1,-1,56,-1,-1,59,60,-1,-1,63,-1,-1,66,67,68,69,70,-1,-1,73,-1,-1,76,77,-1,-1,80,-1,-1,83,84,85,-1,-1,88,-1,-1,91,92,-1,-1,95,-1,-1,98,99,100,101,-1,-1,104,-1,-1,107,108,-1,-1,111,-1,-1,114,115,116,-1,-1,119,-1,-1,122,123,-1,-1,126,-1,-1,129,130,131,132,133,134,-1,-1,137,-1,-1,140,141,-1,-1,144,-1,-1,147,148,149,-1,-1,152,-1,-1,155,156,-1,-1,159,-1,-1,162,163,164,165,-1,-1,168,-1,-1,171,172,-1,-1,175,-1,-1,178,179,180,-1,-1,183,-1,-1,186,187,-1,-1,190,-1,-1,193,194,195,196,197,-1,-1,200,-1,-1,203,204,-1,-1,207,-1,-1,210,211,212,-1,-1,215,-1,-1,218,219,-1,-1,222,-1,-1,225,226,227,228,-1,-1,231,-1,-1,234,235,-1,-1,238,-1,-1,241,242,243,-1,-1,246,-1,-1,249,250,-1,-1,253,-1,-1],"n_samples":[100.0,58.79,34.86,21.17,12.99,5.12,2.07,1.26,0.81,3.05,1.24,1.81,7.86,4.66,2.86,1.8,3.2,1.33,1.87,8.18,4.98,3.03,1.18,1.85,1.95,0.79,1.17,3.2,1.25,0.75,0.51,1.95,0.78,1.16,13.69,5.34,3.25,2.01,0.81,1.2,1.24,0.51,0.73,2.09,1.27,0.77,0.5,0.82,0.49,0.32,8.35,5.08,3.1,1.22,1.88,1.98,0.77,1.2,3.28,2.01,0.82,1.2,1.27,0.75,0.52,23.93,14.79,8.62,5.17,2.09,1.29,0.8,3.09,1.91,1.17,3.44,1.41,0.55,0.86,2.04,1.24,0.8,6.17,2.51,1.53,0.95,0.59,0.98,0.4,0.58,3.65,1.49,0.59,0.89,2.17,1.31,0.86,9.15,5.6,3.39,1.99,1.19,0.8,1.4,0.56,0.84,2.21,1.34,0.81,0.53,0.86,0.53,0.34,3.55,2.14,1.25,0.49,0.76,0.88,0.53,0.35,1.41,0.57,0.23,0.34,0.84,0.34,0.51,41.21,16.32,9.94,6.0,2.33,0.96,0.4,0.56,1.38,0.56,0.82,3.66,2.23,0.94,1.29,1.44,0.87,0.56,3.95,2.41,1.43,0.88,0.55,0.98,0.6,0.37,1.54,0.93,0.38,0.55,0.6,0.37,0.24,6.38,2.6,1.6,0.66,0.4,0.26,0.94,0.38,0.56,1.0,0.42,0.17,0.25,0.59,0.36,0.23,3.78,1.5,0.62,0.38,0.24,0.89,0.36,0.53,2.27,0.93,0.38,0.55,1.34,0.81,0.54,24.89,15.24,5.82,3.59,2.14,1.32,0.81,1.46,0.86,0.6,2.23,0.94,0.56,0.38,1.29,0.55,0.74,9.42,5.67,3.53,2.16,1.37,2.14,0.9,1.24,3.75,1.54,0.93,0.61,2.22,0.9,1.32,9.64,5.85,3.61,1.46,0.9,0.56,2.15,0.88,1.27,2.23,0.9,0.54,0.36,1.33,0.81,0.52,3.8,2.31,1.41,0.56,0.85,0.9,0.35,0.55,1.49,0.91,0.56,0.35,0.58,0.36,0.23],"threshold":[0.5,0.5,0.5,0.5,-0.5,-0.5,0.5,-2.0,-2.0,-0.5,-2.0,-2.0,0.5,0.5,-2.0,-2.0,-0.5,-2.0,-2.0,0.5,0.5,-0.5,-2.0,-2.0,-0.5,-2.0,-2.0,-0.5,0.5,-2.0,-2.0,-0.5,-2.0,-2.0,-0.5,0.5,0.5,-0.5,-2.0,-2.0,-0.5,-2.0,-2.0,0.5,0.5,-2.0,-2.0,0.5,-2.0,-2.0,0.5,0.5,-0.5,-2.0,-2.0,-0.5,-2.0,-2.0,0.5,-0.5,-2.0,-2.0,0.5,-2.0,-2.0,0.5,0.5,0.5,-0.5,0.5,-2.0,-2.0,0.5,-2.0,-2.0,-0.5,-0.5,-2.0,-2.0,0.5,-2.0,-2.0,-0.5,0.5,0.5,-2.0,-2.0,-0.5,-2.0,-2.0,-0.5,-0.5,-2.0,-2.0,0.5,-2.0,-2.0,0.5,0.5,0.5,0.5,-2.0,-2.0,-0.5,-2.0,-2.0,0.5,0.5,-2.0,-2.0,0.5,-2.0,-2.0,0.5,0.5,-0.5,-2.0,-2.0,0.5,-2.0,-2.0,-0.5,-0.5,-2.0,-2.0,-0.5,-2.0,-2.0,-0.5,0.5,0.5,-0.5,-0.5,-0.5,-2.0,-2.0,-0.5,-2.0,-2.0,0.5,-0.5,-2.0,-2.0,0.5,-2.0,-2.0,0.5,0.5,0.5,-2.0,-2.0,0.5,-2.0,-2.0,0.5,-0.5,-2.0,-2.0,0.5,-2.0,-2.0,-0.5,0.5,-0.5,0.5,-2.0,-2.0,-0.5,-2.0,-2.0,-0.5,-0.5,-2.0,-2.0,0.5,-2.0,-2.0,-0.5,-0.5,0.5,-2.0,-2.0,-0.5,-2.0,-2.0,-0.5,-0.5,-2.0,-2.0,0.5,-2.0,-2.0,0.5,-0.5,0.5,0.5,0.5,-2.0,-2.0,0.5,-2.0,-2.0,-0.5,0.5,-2.0,-2.0,-0.5,-2.0,-2.0,0.5,0.5,0.5,-2.0,-2.0,-0.5,-2.0,-2.0,-0.5,0.5,-2.0,-2.0,-0.5,-2.0,-2.0,0.5,0.5,-0.5,0.5,-2.0,-2.0,-0.5,-2.0,-2.0,-0.5,0.5,-2.0,-2.0,0.5,-2.0,-2.0,0.5,0.5,-0.5,-2.0,-2.0,-0.5,-2.0,-2.0,0.5,0.5,-2.0,-2.0,0.5,-2.0,-2.0],"distribution":[[8.33,8.33,8.33,8.33,8.33,8.33,8.33,8.33,8.33,8.33,8.33,8.33],[8.3,5.1,11.32,5.21,4.6,9.87,6.81,9.78,9.45,9.97,9.9,9.7],[5.99,6.85,13.71,6.02,6.22,12.25,8.74,10.48,7.78,9.9,6.14,5.92],[7.54,7.61,16.4,7.14,6.29,14.55,4.42,5.89,7.39,10.61,5.71,6.46],[9.02,4.29,10.4,7.62,7.18,17.22,3.47,6.18,8.83,9.97,7.55,8.27],[7.56,3.91,10.67,4.69,3.34,28.56,3.97,4.11,8.64,9.47,4.93,10.15],[5.26,3.06,9.37,6.09,4.46,42.3,2.88,4.71,8.44,5.71,2.83,4.9],[4.03,3.07,7.63,4.41,5.15,52.69,3.33,2.98,6.94,3.53,1.57,4.68],[7.17,3.04,12.09,8.69,3.39,26.15,2.17,7.4,10.77,9.09,4.79,5.25],[9.13,4.49,11.55,3.74,2.58,19.22,4.71,3.71,8.78,12.02,6.36,13.72],[6.98,5.12,10.2,2.66,3.67,30.38,6.38,2.03,7.3,7.4,3.28,14.6],[10.6,4.05,12.47,4.47,1.83,11.61,3.57,4.85,9.79,15.18,8.47,13.12],[9.97,4.54,10.23,9.53,9.69,9.82,3.15,7.53,8.95,10.3,9.25,7.05],[9.55,3.17,12.85,6.33,12.8,10.31,3.52,7.25,11.21,13.35,4.52,5.12],[10.15,3.93,7.26,3.78,17.25,7.49,3.05,8.34,12.63,15.45,5.29,5.38],[8.61,1.97,21.73,10.39,5.75,14.79,4.26,5.51,8.96,10.02,3.3,4.69],[10.57,6.52,6.4,14.17,5.16,9.11,2.61,7.94,5.67,5.85,16.13,9.87],[6.32,7.7,7.42,7.29,6.92,8.2,3.96,5.36,5.53,2.27,24.49,14.54],[13.59,5.68,5.68,19.07,3.9,9.76,1.65,9.79,5.76,8.41,10.17,6.54],[5.19,12.89,25.92,6.38,4.87,10.31,5.93,5.42,5.1,11.61,2.79,3.58],[5.82,15.87,17.48,4.68,7.14,8.8,5.69,6.55,6.29,14.12,3.44,4.13],[3.4,11.54,20.56,5.83,8.46,10.44,6.19,8.63,7.03,8.73,4.12,5.06],[3.26,12.7,33.34,6.76,5.68,6.57,4.17,7.1,6.24,6.96,3.39,3.84],[3.49,10.81,12.43,5.23,10.23,12.9,7.48,9.61,7.54,9.86,4.59,5.83],[9.57,22.58,12.69,2.89,5.08,6.26,4.92,3.33,5.14,22.47,2.38,2.69],[9.57,33.97,9.13,1.34,3.78,8.81,1.97,4.09,7.68,17.5,1.27,0.89],[9.57,14.9,15.1,3.94,5.95,4.54,6.92,2.81,3.43,25.83,3.12,3.89],[4.21,8.25,39.07,9.04,1.33,12.66,6.3,3.67,3.25,7.71,1.78,2.72],[3.58,8.13,55.85,8.98,0.48,6.41,3.52,2.57,2.41,5.38,1.17,1.54],[2.76,5.18,64.19,7.61,0.61,4.1,3.45,2.18,3.37,3.64,1.38,1.51],[4.79,12.48,43.52,10.99,0.28,9.82,3.62,3.14,0.98,7.95,0.85,1.59],[4.61,8.33,28.26,9.09,1.88,16.69,8.1,4.37,3.79,9.22,2.18,3.47],[5.0,14.28,22.76,5.04,1.66,24.32,4.17,5.75,6.19,7.73,1.54,1.58],[4.36,4.33,31.97,11.81,2.04,11.57,10.74,3.45,2.17,10.22,2.61,4.75],[3.59,5.67,9.54,4.29,6.12,8.7,15.4,17.58,8.4,8.8,6.81,5.1],[2.59,4.82,5.5,3.17,3.6,8.55,26.79,13.19,7.27,12.69,8.6,3.24],[1.68,5.34,5.67,1.67,4.2,7.48,32.94,10.42,7.0,7.72,11.68,4.21],[1.36,6.8,6.37,1.67,5.42,9.28,24.06,10.59,8.02,6.8,14.41,5.22],[1.49,12.59,5.82,0.85,4.69,14.02,13.9,13.79,12.52,5.81,11.87,2.64],[1.28,2.92,6.74,2.22,5.91,6.1,30.86,8.45,5.0,7.45,16.11,6.95],[2.19,2.97,4.53,1.67,2.22,4.55,47.35,10.13,5.33,9.22,7.26,2.57],[3.48,2.61,3.32,3.03,3.88,3.03,33.62,12.9,8.53,13.08,10.42,2.09],[1.29,3.23,5.38,0.72,1.05,5.62,56.98,8.18,3.1,6.52,5.04,2.9],[4.01,4.0,5.23,5.5,2.66,10.22,17.22,17.51,7.7,20.42,3.8,1.72],[1.87,2.54,6.39,6.69,3.35,12.04,18.38,21.64,8.26,12.28,4.43,2.13],[1.13,3.09,8.05,7.39,3.42,14.73,16.61,13.88,11.13,14.04,4.52,2.01],[3.03,1.69,3.81,5.6,3.24,7.85,21.13,33.72,3.8,9.54,4.28,2.32],[7.32,6.27,3.43,3.65,1.6,7.4,15.43,11.09,6.83,33.08,2.83,1.09],[7.11,7.05,3.69,3.11,1.77,8.13,13.59,6.16,4.51,40.36,3.21,1.3],[7.64,5.09,3.02,4.45,1.33,6.29,18.21,18.56,10.34,22.03,2.27,0.77],[4.23,6.22,12.12,5.01,7.72,8.8,8.13,20.39,9.11,6.32,5.66,6.29],[2.86,7.23,14.59,5.58,7.95,10.69,6.98,13.02,12.18,7.35,5.69,5.87],[3.11,8.75,8.59,3.55,10.93,8.14,6.5,15.05,13.74,8.77,6.64,6.23],[3.04,14.41,6.56,1.52,8.37,11.36,2.77,18.02,19.83,6.77,4.65,2.69],[3.15,5.07,9.91,4.87,12.6,6.03,8.93,13.12,9.78,10.07,7.94,8.53],[2.48,4.86,23.97,8.77,3.29,14.7,7.73,9.84,9.74,5.11,4.21,5.31],[2.34,5.35,37.95,9.98,1.97,9.77,4.58,7.92,8.8,3.74,3.45,4.14],[2.57,4.54,14.97,7.99,4.14,17.87,9.75,11.07,10.35,6.0,4.69,6.06],[6.35,4.64,8.3,4.12,7.37,5.87,9.91,31.79,4.37,4.74,5.62,6.93],[6.92,5.76,9.48,4.12,8.7,6.96,9.42,23.3,3.34,6.45,7.1,8.47],[4.64,7.96,12.03,2.09,12.67,7.14,11.96,15.01,2.32,8.89,11.03,4.27],[8.49,4.24,7.74,5.5,5.98,6.83,7.67,28.97,4.04,4.78,4.4,11.34],[5.45,2.88,6.43,4.12,5.26,4.13,10.69,45.29,6.0,2.01,3.26,4.48],[3.06,3.44,6.8,3.43,3.08,4.45,8.8,52.68,3.25,2.48,3.99,4.53],[8.88,2.06,5.89,5.11,8.38,3.66,13.41,34.68,9.96,1.34,2.21,4.41],[11.66,2.56,7.84,4.03,2.23,6.39,4.0,8.76,11.88,10.08,15.37,15.2],[8.48,2.95,8.53,2.33,2.69,5.83,5.16,6.84,11.57,6.42,20.18,19.03],[8.71,2.28,11.12,1.56,3.87,6.48,6.1,7.09,15.05,9.09,12.59,16.05],[6.9,2.89,13.41,0.92,5.35,6.75,7.41,5.21,12.5,10.96,16.54,11.14],[8.58,4.08,9.69,0.5,3.23,4.89,6.24,7.05,8.0,10.82,28.1,8.82],[9.7,1.61,5.32,0.55,3.29,5.73,4.3,6.77,9.0,9.08,33.97,10.7],[6.77,8.06,16.75,0.43,3.14,3.54,9.37,7.52,6.38,13.65,18.61,5.78],[5.76,2.09,15.93,1.2,6.78,8.01,8.21,3.97,15.55,11.06,8.72,12.71],[6.76,0.91,9.47,1.33,7.29,9.48,6.23,3.94,17.69,9.86,11.21,15.84],[4.14,4.01,26.46,0.99,5.96,5.63,11.44,4.0,12.08,13.02,4.68,7.6],[11.42,1.37,7.68,2.53,1.65,6.07,4.11,9.9,18.88,6.28,6.66,23.44],[9.34,1.51,5.64,1.92,1.05,4.4,2.94,10.03,15.94,6.55,3.8,36.89],[10.48,2.97,5.17,0.97,0.88,7.15,1.56,13.24,24.74,5.72,3.19,23.95],[8.62,0.58,5.95,2.52,1.16,2.64,3.83,7.97,10.3,7.09,4.19,45.17],[12.85,1.27,9.09,2.95,2.06,7.22,4.92,9.82,20.91,6.1,8.63,14.17],[11.27,1.61,10.72,3.62,2.74,7.22,4.92,9.38,13.05,7.38,10.83,17.27],[15.31,0.75,6.57,1.92,1.02,7.22,4.92,10.49,33.05,4.13,5.23,9.39],[8.16,3.87,4.9,3.4,1.03,4.91,3.86,6.49,6.7,2.69,30.78,23.19],[9.27,4.71,2.92,1.75,0.4,2.98,2.59,7.78,3.35,2.09,45.58,16.58],[6.94,5.65,3.6,1.04,0.58,3.17,3.05,5.2,2.43,2.46,55.23,10.66],[4.52,3.25,2.7,1.23,0.67,3.79,3.0,2.91,2.39,2.41,63.26,9.87],[10.86,9.52,5.04,0.72,0.43,2.16,3.13,8.92,2.49,2.52,42.26,11.94],[12.91,3.24,1.87,2.86,0.13,2.69,1.86,11.79,4.8,1.53,30.5,25.82],[10.9,3.53,1.12,2.23,0.07,1.72,1.23,12.09,3.86,1.85,20.6,40.8],[14.29,3.03,2.38,3.3,0.17,3.36,2.3,11.59,5.44,1.3,37.27,15.57],[7.4,3.29,6.26,4.54,1.47,6.24,4.74,5.6,9.01,3.11,20.61,27.74],[5.85,3.62,4.55,3.45,1.0,4.51,3.43,5.62,7.4,3.42,14.21,42.93],[4.38,5.38,7.05,2.2,1.99,5.53,5.01,3.75,5.85,4.85,23.68,30.32],[6.82,2.45,2.9,4.28,0.35,3.83,2.38,6.87,8.43,2.48,7.91,51.31],[8.46,3.07,7.42,5.28,1.79,7.43,5.63,5.59,10.11,2.89,24.99,17.33],[6.74,3.75,9.18,3.52,2.6,7.99,6.79,3.91,8.22,3.56,32.27,11.46],[11.08,2.03,4.76,7.96,0.56,6.58,3.88,8.13,12.99,1.89,13.94,26.23],[16.8,1.93,6.73,6.77,1.49,7.31,2.11,11.88,12.38,15.99,7.6,9.01],[10.72,1.26,8.01,8.48,1.89,8.59,2.35,15.01,13.82,10.04,8.82,11.02],[7.35,1.54,9.58,9.29,1.88,10.32,2.06,9.32,17.91,11.54,8.82,10.4],[6.97,0.98,12.05,6.28,2.67,10.92,2.26,8.61,22.31,15.36,3.92,7.67],[5.85,1.23,14.09,7.55,3.43,10.93,2.26,8.37,13.91,17.87,4.93,9.57],[8.64,0.61,9.02,4.39,1.55,10.9,2.27,8.96,34.78,11.63,2.41,4.84],[7.88,2.34,6.07,13.58,0.75,9.46,1.76,10.32,11.66,6.1,15.8,14.29],[10.24,3.23,4.16,9.02,0.4,6.72,1.32,13.89,6.77,5.88,26.76,11.6],[6.27,1.73,7.36,16.65,0.99,11.32,2.05,7.9,14.97,6.25,8.39,16.1],[15.9,0.83,5.58,7.22,1.91,5.94,2.8,23.75,7.53,7.74,8.81,11.97],[20.18,1.06,6.95,8.71,1.9,7.42,1.16,14.6,7.86,8.58,8.42,13.15],[12.3,1.11,8.47,6.03,2.62,7.56,1.23,16.75,8.28,9.67,9.19,16.79],[32.25,0.98,4.63,12.8,0.81,7.21,1.06,11.31,7.21,6.91,7.25,7.58],[9.23,0.48,3.45,4.92,1.93,3.63,5.35,37.98,7.02,6.45,9.42,10.13],[10.5,0.62,4.03,4.9,2.41,4.33,5.14,28.51,5.88,8.94,12.11,12.63],[7.22,0.26,2.55,4.95,1.16,2.54,5.69,52.9,8.83,2.51,5.19,6.19],[26.4,2.98,4.73,4.07,0.87,5.3,1.73,6.94,10.11,25.37,5.67,5.84],[17.64,3.35,5.83,2.86,1.21,5.46,1.88,8.37,11.11,28.1,6.42,7.78],[16.08,2.1,7.19,1.56,1.66,5.59,1.98,7.81,13.68,34.85,2.16,5.33],[11.78,1.88,4.61,0.92,0.83,5.61,3.86,5.31,11.69,47.22,2.7,3.6],[18.86,2.25,8.86,1.98,2.19,5.57,0.77,9.42,14.97,26.88,1.81,6.46],[19.85,5.12,3.9,4.7,0.58,5.28,1.73,9.17,7.45,18.51,12.46,11.25],[13.64,6.13,3.99,3.97,0.23,5.26,1.29,11.87,5.0,21.91,15.07,11.65],[29.11,3.62,3.78,5.78,1.1,5.3,2.38,5.14,11.11,13.44,8.57,10.66],[39.63,2.43,3.06,5.9,0.35,5.05,1.51,4.79,8.59,21.24,4.54,2.91],[25.86,3.38,4.42,7.58,0.35,7.0,1.24,2.14,13.38,26.95,4.67,3.03],[15.54,1.63,4.48,12.81,0.45,6.94,0.8,1.69,14.95,35.09,3.36,2.26],[32.71,4.54,4.38,4.1,0.29,7.04,1.54,2.44,12.34,21.54,5.55,3.54],[48.95,1.79,2.14,4.77,0.34,3.73,1.7,6.59,5.35,17.37,4.44,2.83],[35.66,2.67,2.44,4.49,0.11,4.32,1.17,10.84,3.36,24.54,6.85,3.54],[57.78,1.21,1.95,4.95,0.5,3.34,2.05,3.76,6.68,12.6,2.84,2.35],[8.39,12.94,4.07,12.79,13.67,6.15,10.51,6.27,6.74,6.0,6.1,6.38],[8.98,20.73,3.28,8.0,12.01,9.26,6.0,8.11,10.67,4.87,4.7,3.39],[10.82,13.47,1.73,8.33,13.28,10.84,4.87,8.73,12.51,4.65,6.37,4.4],[7.35,17.32,2.07,9.22,16.8,12.87,6.08,8.95,9.81,4.33,3.08,2.1],[6.68,17.0,2.31,6.35,10.15,23.27,7.42,6.77,10.59,4.46,2.1,2.9],[9.02,13.54,1.24,10.52,15.26,12.73,4.0,7.89,15.12,5.78,3.04,1.86],[6.6,8.7,1.94,8.7,21.91,9.22,4.37,6.11,22.76,3.68,3.95,2.07],[10.75,17.0,0.73,11.82,10.51,15.24,3.74,9.17,9.67,7.28,2.38,1.7],[5.05,19.42,3.05,3.46,6.6,30.59,9.79,5.99,7.44,3.55,1.44,3.63],[3.17,15.48,2.23,3.84,7.79,43.66,6.95,6.48,6.92,1.67,0.62,1.18],[6.33,22.12,3.61,3.2,5.78,21.63,11.73,5.66,7.8,4.83,2.01,5.31],[7.78,17.53,1.93,11.05,21.03,6.26,5.23,10.34,9.3,4.25,3.71,1.59],[7.59,13.53,2.56,7.46,26.66,6.75,5.82,9.84,11.39,5.72,1.67,1.01],[5.38,8.38,3.67,5.5,34.9,4.44,6.33,7.53,17.16,3.49,2.09,1.1],[9.19,17.26,1.76,8.89,20.67,8.43,5.45,11.52,7.2,7.34,1.36,0.94],[8.09,23.73,0.94,16.61,12.3,5.49,4.32,11.12,6.07,1.96,6.89,2.48],[4.46,17.53,1.21,19.09,14.18,6.52,4.72,13.85,6.64,0.87,7.81,3.12],[13.74,33.4,0.52,12.76,9.38,3.87,3.69,6.87,5.18,3.65,5.45,1.5],[16.09,7.61,1.2,6.97,7.93,7.76,3.02,8.38,16.63,5.13,11.38,7.9],[13.87,9.03,1.47,8.46,9.8,7.59,3.03,7.81,9.62,6.1,13.53,9.68],[14.02,7.32,2.06,6.0,13.5,8.7,3.65,7.92,12.69,8.46,7.95,7.72],[8.74,4.83,2.48,7.47,15.53,9.98,3.86,10.13,13.85,4.79,9.02,9.3],[22.44,11.28,1.4,3.66,10.26,6.66,3.31,4.4,10.83,14.32,6.24,5.21],[13.64,11.53,0.6,12.06,4.37,5.97,2.12,7.65,5.13,2.65,21.72,12.56],[9.65,12.51,0.69,7.83,5.26,5.47,2.75,5.71,4.91,1.24,27.99,15.98],[20.11,9.95,0.44,18.92,2.94,6.79,1.09,10.78,5.49,4.93,11.55,7.0],[19.57,5.39,0.79,4.63,5.0,8.02,3.01,9.27,27.63,3.6,7.99,5.1],[14.14,6.45,0.97,5.15,4.91,9.66,2.64,5.1,34.36,4.34,7.78,4.51],[9.08,3.31,1.44,3.76,6.52,6.72,2.8,2.87,48.07,2.56,8.53,4.33],[17.63,8.63,0.65,6.11,3.79,11.69,2.53,6.64,24.88,5.58,7.25,4.63],[27.99,3.74,0.5,3.81,5.15,5.48,3.59,15.73,17.2,2.45,8.32,6.02],[18.35,2.33,0.64,4.96,6.13,6.45,3.86,19.91,19.39,1.29,9.16,7.53],[43.03,5.94,0.29,2.02,3.63,3.97,3.18,9.22,13.78,4.26,7.0,3.68],[6.12,32.05,5.69,7.5,10.04,6.78,7.77,7.14,7.79,5.22,2.09,1.81],[2.74,21.58,7.69,9.81,12.89,8.84,8.84,10.65,9.31,2.17,2.8,2.68],[3.03,25.22,3.71,6.31,17.08,6.42,7.41,11.85,10.47,2.65,3.19,2.66],[2.02,16.48,5.59,4.88,23.45,4.63,8.27,9.92,16.05,1.49,4.21,3.02],[1.63,18.93,6.46,5.73,27.2,4.19,7.87,9.05,8.56,1.69,5.0,3.69],[2.63,12.6,4.21,3.55,17.52,5.32,8.91,11.28,27.88,1.18,2.98,1.95],[3.74,31.37,2.38,7.31,12.61,7.69,6.81,13.2,6.55,3.47,2.47,2.4],[3.67,22.26,3.92,3.59,19.19,8.66,8.54,12.81,9.5,5.66,0.81,1.38],[3.78,37.61,1.33,9.86,8.1,7.02,5.63,13.47,4.53,1.97,3.61,3.1],[2.29,15.78,14.02,15.39,6.21,12.67,11.1,8.74,7.48,1.41,2.18,2.73],[3.2,13.22,8.46,23.0,9.87,7.24,6.75,10.37,10.98,1.88,3.11,1.94],[3.23,8.31,12.95,13.55,15.27,8.18,8.16,9.96,15.24,3.21,0.91,1.03],[3.17,16.49,5.46,29.3,6.26,6.61,5.81,10.64,8.14,0.99,4.58,2.54],[1.65,17.59,17.96,10.0,3.63,16.53,14.18,7.59,4.99,1.08,1.52,3.29],[2.19,19.59,21.69,11.84,3.35,19.49,7.42,3.81,4.54,1.19,1.36,3.52],[0.82,14.52,12.21,7.16,4.05,11.96,24.58,13.41,5.7,0.9,1.76,2.93],[8.44,39.27,4.32,5.9,8.08,5.36,7.04,4.72,6.73,7.33,1.6,1.21],[8.19,28.63,6.71,3.05,12.13,6.15,8.53,4.58,9.53,11.45,0.42,0.63],[6.48,19.86,10.01,2.43,17.92,4.57,10.14,4.02,15.15,8.0,0.68,0.75],[6.68,23.1,4.55,1.09,22.28,3.0,8.18,4.38,16.13,9.17,0.76,0.68],[6.14,14.66,18.79,4.59,10.9,7.09,13.29,3.45,13.56,6.12,0.55,0.86],[9.38,34.74,4.41,3.49,8.09,7.25,7.41,4.97,5.62,13.85,0.24,0.54],[6.79,24.47,5.04,4.91,12.19,10.48,6.63,5.07,3.78,20.17,0.21,0.26],[11.16,41.76,3.98,2.51,5.29,5.04,7.95,4.9,6.87,9.53,0.26,0.74],[8.61,46.31,2.73,7.79,5.4,4.84,6.06,4.81,4.88,4.6,2.38,1.59],[6.42,35.4,2.23,10.96,8.0,7.28,7.89,3.42,5.94,6.0,4.42,2.03],[3.9,24.5,2.55,17.73,11.22,8.08,7.18,2.98,6.63,9.05,4.34,1.84],[8.16,42.92,2.01,6.3,5.77,6.73,8.38,3.72,5.46,3.9,4.48,2.17],[10.11,53.84,3.08,5.6,3.61,3.15,4.8,5.77,4.15,3.63,0.97,1.29],[5.55,60.54,3.4,5.91,4.32,3.45,5.53,5.22,2.71,2.91,0.14,0.33],[17.0,43.72,2.59,5.13,2.54,2.7,3.68,6.61,6.33,4.72,2.23,2.74],[8.0,7.83,4.6,15.93,14.75,4.11,13.47,5.06,4.16,6.73,7.02,8.35],[5.84,8.65,5.05,10.49,17.4,3.73,16.58,3.94,4.04,4.04,9.43,10.81],[4.58,7.36,2.97,8.44,12.03,3.85,28.4,2.57,3.38,6.29,12.31,7.82],[5.82,9.0,4.21,10.53,13.79,5.19,18.94,1.27,3.32,7.24,11.77,8.94],[3.76,11.48,4.9,11.47,17.3,6.3,23.13,1.37,2.42,6.61,6.57,4.68],[4.83,10.3,3.55,15.16,21.43,4.01,16.44,1.6,3.2,7.82,7.99,3.67],[2.02,13.41,7.11,5.45,10.57,10.03,34.04,1.0,1.15,4.64,4.25,6.33],[8.83,5.34,3.19,9.15,8.63,3.56,12.79,1.13,4.63,8.15,19.39,15.19],[9.16,4.15,4.38,7.01,12.24,4.22,15.02,1.24,6.31,11.49,11.94,12.83],[8.36,7.05,1.5,12.2,3.5,2.63,9.62,0.97,2.24,3.4,29.99,18.55],[2.58,4.73,0.98,5.08,9.2,1.69,43.64,4.67,3.47,4.77,13.19,6.0],[3.91,4.1,0.63,8.26,13.59,0.81,29.48,5.86,5.45,6.43,17.18,4.29],[2.37,5.52,0.72,8.9,17.02,1.01,36.3,6.12,3.88,6.08,10.02,2.07],[6.17,2.04,0.49,7.34,8.6,0.53,19.56,5.48,7.73,6.93,27.59,7.54],[1.62,5.19,1.23,2.77,6.01,2.33,53.9,3.81,2.04,3.57,10.29,7.24],[1.34,8.25,1.83,2.99,9.55,3.63,38.45,4.11,2.74,2.97,14.27,9.87],[1.82,2.92,0.78,2.61,3.38,1.37,65.38,3.58,1.52,4.01,7.34,5.29],[6.63,9.45,6.33,11.76,20.72,3.66,9.28,4.78,4.45,2.65,7.65,12.65],[4.37,12.05,7.4,12.77,25.62,4.47,11.46,4.92,3.24,2.4,4.11,7.2],[4.79,14.08,3.66,8.14,32.46,3.03,9.67,5.63,3.69,2.85,4.75,7.24],[4.67,10.61,4.68,4.99,40.13,3.18,10.53,5.38,4.59,3.9,2.2,5.12],[4.97,19.56,2.04,13.13,20.34,2.79,8.32,6.01,2.26,1.2,8.78,10.59],[3.67,8.69,13.58,20.42,14.3,6.85,14.4,3.75,2.51,1.64,3.04,7.14],[4.93,7.19,7.85,29.47,19.89,3.15,8.15,4.45,3.83,2.2,4.11,4.76],[2.76,9.77,17.75,13.84,10.23,9.54,18.95,3.24,1.55,1.23,2.26,8.88],[10.04,5.51,4.72,10.24,13.31,2.42,6.0,4.56,6.27,3.03,13.0,20.89],[7.07,7.48,6.33,6.0,20.17,2.61,8.14,2.52,4.25,4.16,19.29,11.98],[7.35,5.89,8.2,3.84,26.95,2.89,9.33,2.73,5.6,5.87,11.97,9.36],[6.64,9.88,3.49,9.26,9.92,2.19,6.34,2.21,2.2,1.56,30.37,15.94],[12.1,4.14,3.61,13.18,8.54,2.29,4.51,5.98,7.68,2.25,8.62,27.07],[9.94,4.28,2.62,10.49,6.18,1.49,3.09,5.98,6.29,2.41,5.09,42.15],[13.59,4.05,4.29,15.02,10.15,2.85,5.49,5.99,8.64,2.15,11.04,16.76],[11.39,6.55,3.88,24.53,10.56,4.7,8.54,6.83,4.36,10.99,3.21,4.46],[12.69,7.85,1.92,17.46,14.63,3.41,7.4,8.04,5.08,13.06,3.8,4.65],[7.87,5.68,2.37,20.87,17.15,4.05,8.09,10.25,5.65,7.76,4.49,5.77],[7.59,3.16,3.53,12.12,26.03,4.57,8.93,9.57,8.11,11.75,1.14,3.49],[6.05,3.82,4.18,7.27,32.94,4.49,10.34,7.03,6.3,13.97,1.58,2.02],[10.04,2.11,2.5,19.83,15.05,4.69,6.69,13.6,10.98,8.22,0.45,5.83],[8.05,7.39,1.58,26.8,11.13,3.7,7.52,10.71,3.98,5.06,6.77,7.31],[6.12,10.01,2.25,17.45,18.58,4.14,9.79,6.93,2.86,7.24,10.5,4.14],[9.41,5.57,1.12,33.32,5.93,3.4,5.94,13.34,4.76,3.53,4.16,9.52],[20.5,11.35,1.18,11.96,10.56,2.37,6.28,4.48,4.17,21.61,2.69,2.84],[12.92,6.42,1.18,19.15,12.73,2.2,4.69,3.88,4.48,28.15,1.98,2.22],[11.9,3.97,1.61,12.63,16.93,2.41,4.84,3.54,5.7,34.6,0.46,1.41],[14.43,10.03,0.54,28.79,6.53,1.88,4.47,4.37,2.68,18.63,4.24,3.41],[25.61,14.68,1.19,7.11,9.1,2.48,7.35,4.89,3.96,17.2,3.17,3.26],[17.5,15.8,1.52,5.06,12.0,2.56,7.81,5.93,4.35,19.32,3.65,4.49],[38.2,12.94,0.67,10.29,4.59,2.37,6.64,3.28,3.34,13.9,2.43,1.36],[9.39,4.54,6.91,35.4,4.28,6.69,10.29,4.97,3.24,7.8,2.3,4.17],[6.18,2.77,6.59,43.87,4.6,6.11,8.35,4.07,3.22,9.3,1.77,3.15],[6.95,2.06,3.76,51.88,5.37,3.02,4.91,4.21,3.99,10.14,1.92,1.79],[6.98,0.97,6.04,38.82,10.01,4.0,5.77,4.16,6.27,15.42,0.43,1.12],[6.93,2.77,2.27,60.4,2.35,2.39,4.34,4.25,2.49,6.69,2.89,2.23],[4.98,3.89,11.03,31.31,3.39,10.95,13.76,3.86,2.03,7.98,1.54,5.29],[4.18,3.45,12.57,21.33,1.11,20.79,16.4,2.47,1.99,7.43,0.95,7.34],[5.49,4.18,10.03,37.79,4.87,4.57,12.04,4.75,2.05,8.34,1.93,3.95],[14.38,7.29,7.41,22.24,3.79,7.59,13.31,6.36,3.27,5.48,3.13,5.75],[16.73,6.16,4.85,28.47,4.85,4.65,8.93,6.99,4.26,6.48,3.61,4.03],[10.18,3.99,5.77,33.54,5.53,5.36,9.54,8.95,4.76,3.35,4.09,4.95],[27.15,9.61,3.38,20.38,3.75,3.53,7.96,3.89,3.46,11.47,2.85,2.57],[10.73,9.04,11.4,12.55,2.15,12.17,20.12,5.38,1.73,3.91,2.38,8.44],[13.07,10.04,14.22,14.89,2.07,14.87,11.22,2.66,1.59,4.4,2.04,8.93],[7.07,7.48,6.98,8.87,2.28,7.95,34.07,9.64,1.94,3.14,2.9,7.67]],"max_depth":7};